723.7500 373.2500
720.7500 373.2500
719.2500 368.7500
720.7500 373.2500
720.7500 373.2500
719.2500 371.7500
720.7500 368.7500
723.7500 368.7500
722.2500 371.7500
717.7500 370.2500
720.7500 370.2500
720.7500 368.7500
719.2500 367.2500
719.2500 368.7500
719.2500 367.2500
722.2500 368.7500
719.2500 370.2500
722.2500 370.2500
719.2500 368.7500
719.2500 370.2500
719.2500 371.7500
716.2500 370.2500
716.2500 370.2500
720.7500 367.2500
722.2500 370.2500
720.7500 365.7500
717.7500 370.2500
719.2500 371.7500
720.7500 365.7500
717.7500 370.2500
719.2500 361.2500
717.7500 364.2500
717.7500 364.2500
717.7500 362.7500
717.7500 361.2500
717.7500 362.7500
716.2500 362.7500
716.2500 355.2500
714.7500 359.7500
714.7500 359.7500
716.2500 352.2500
719.2500 352.2500
714.7500 352.2500
716.2500 350.7500
713.2500 352.2500
711.7500 350.7500
714.7500 352.2500
716.2500 349.2500
708.7500 347.7500
711.7500 349.2500
713.2500 344.7500
716.2500 349.2500
714.7500 343.2500
710.2500 338.7500
711.7500 338.7500
710.2500 338.7500
710.2500 335.7500
711.7500 331.2500
710.2500 335.7500
705.7500 332.7500
708.7500 334.2500
705.7500 332.7500
707.2500 332.7500
708.7500 329.7500
705.7500 331.2500
702.7500 331.2500
704.2500 328.2500
705.7500 328.2500
705.7500 326.7500
707.2500 325.2500
704.2500 325.2500
704.2500 320.7500
702.7500 323.7500
705.7500 326.7500
701.2500 317.7500
704.2500 316.2500
702.7500 317.7500
701.2500 313.2500
704.2500 316.2500
704.2500 313.2500
705.7500 317.7500
701.2500 313.2500
702.7500 314.7500
699.7500 316.2500
702.7500 316.2500
704.2500 317.7500
702.7500 311.7500
704.2500 308.7500
704.2500 316.2500
707.2500 320.7500
702.7500 314.7500
701.2500 319.2500
702.7500 316.2500
704.2500 319.2500
702.7500 323.7500
704.2500 317.7500
704.2500 323.7500
702.7500 326.7500
704.2500 326.7500
702.7500 325.2500
702.7500 325.2500
702.7500 326.7500
704.2500 329.7500
705.7500 331.2500
705.7500 331.2500
701.2500 334.2500
704.2500 331.2500
702.7500 335.7500
705.7500 337.2500
704.2500 341.7500
704.2500 347.7500
707.2500 346.2500
704.2500 349.2500
707.2500 350.7500
705.7500 353.7500
704.2500 355.2500
704.2500 359.7500
707.2500 359.7500
702.7500 359.7500
708.7500 364.2500
708.7500 364.2500
711.7500 368.7500
710.2500 367.2500
710.2500 371.7500
708.7500 368.7500
708.7500 365.7500
710.2500 368.7500
710.2500 371.7500
708.7500 371.7500
710.2500 373.2500
711.7500 374.7500
713.2500 373.2500
711.7500 373.2500
711.7500 373.2500
711.7500 379.2500
708.7500 379.2500
711.7500 382.2500
708.7500 382.2500
705.7500 380.7500
708.7500 382.2500
711.7500 389.7500
710.2500 388.2500
711.7500 391.2500
711.7500 391.2500
711.7500 392.7500
707.2500 389.7500
710.2500 391.2500
710.2500 395.7500
713.2500 397.2500
711.7500 395.7500
713.2500 395.7500
711.7500 397.2500
711.7500 403.2500
713.2500 403.2500
710.2500 397.2500
711.7500 398.7500
711.7500 401.7500
711.7500 400.2500
711.7500 403.2500
711.7500 400.2500
711.7500 401.7500
714.7500 406.2500
708.7500 407.7500
708.7500 404.7500
713.2500 407.7500
710.2500 406.2500
711.7500 412.2500
710.2500 412.2500
708.7500 412.2500
704.2500 412.2500
711.7500 413.7500
708.7500 415.2500
707.2500 413.7500
710.2500 418.2500
708.7500 415.2500
710.2500 419.7500
711.7500 422.7500
708.7500 422.7500
711.7500 425.7500
708.7500 428.7500
708.7500 428.7500
707.2500 430.2500
707.2500 431.7500
707.2500 430.2500
707.2500 430.2500
707.2500 433.2500
708.7500 431.7500
708.7500 434.7500
708.7500 436.2500
705.7500 439.2500
705.7500 437.7500
707.2500 439.2500
710.2500 439.2500
710.2500 442.2500
708.7500 442.2500
710.2500 443.7500
710.2500 446.7500
708.7500 448.2500
705.7500 448.2500
710.2500 448.2500
713.2500 445.2500
708.7500 446.7500
708.7500 451.2500
710.2500 448.2500
708.7500 452.7500
710.2500 451.2500
708.7500 451.2500
708.7500 454.2500
710.2500 454.2500
708.7500 454.2500
707.2500 452.7500
710.2500 452.7500
710.2500 449.7500
707.2500 449.7500
708.7500 448.2500
711.7500 449.7500
708.7500 446.7500
705.7500 445.2500
708.7500 442.2500
710.2500 443.7500
707.2500 434.7500
705.7500 434.7500
705.7500 434.7500
708.7500 434.7500
710.2500 422.7500
705.7500 425.7500
707.2500 424.2500
707.2500 424.2500
707.2500 419.7500
707.2500 419.7500
707.2500 419.7500
707.2500 416.7500
707.2500 416.7500
706.0147 412.7794
707.2500 410.7500
707.2500 410.7500
707.2500 409.2500
707.2500 409.2500
707.2500 406.2500
707.2500 404.7500
707.2500 403.2500
707.2500 401.7500
707.2500 400.2500
707.2500 397.2500
707.2500 397.2500
707.2500 397.2500
705.7500 394.2500
705.7500 394.2500
708.7500 389.7500
705.7500 385.2500
707.2500 383.7500
707.2500 383.7500
707.2500 383.7500
707.2500 383.7500
705.7500 379.2500
705.7500 376.2500
705.7500 376.2500
705.7500 376.2500
705.7500 374.7500
705.7500 373.2500
705.7500 373.2500
705.7500 371.7500
705.7500 371.7500
705.7500 368.7500
705.7500 367.2500
705.7500 367.2500
705.7500 367.2500
705.7500 364.2500
705.7500 364.2500
705.7500 364.2500
705.7500 364.2500
705.7500 364.2500
705.7500 364.2500
704.2500 362.7500
704.2500 362.7500
705.7500 362.7500
705.7500 362.7500
705.7500 362.7500
705.7500 362.7500
705.7500 362.7500
705.7500 362.7500
705.7500 362.7500
705.7500 362.7500
705.7500 362.7500
705.7500 362.7500
705.7500 365.7500
705.7500 368.7500
707.2500 368.7500
707.2500 368.7500
707.2500 368.7500
707.2500 368.7500
707.2500 368.7500
707.2500 368.7500
707.2500 368.7500
707.2500 368.7500
707.2500 368.7500
707.2500 368.7500
707.2500 376.2500
707.2500 376.2500
707.2500 376.2500
