 28.7203	-168.7198	 722.7900	 -2.0002	  2.1025	 -1.1536	
 28.7205	-168.7912	 722.6837	 -1.9964	  2.0994	 -1.1500	
 28.9018	-168.7998	 722.6183	 -1.9758	  2.1013	 -1.1509	
 28.8325	-168.7936	 722.6855	 -1.9588	  2.1018	 -1.1505	
 28.9453	-168.7960	 722.6873	 -1.9657	  2.1028	 -1.1520	
 28.9434	-168.7959	 722.6872	 -1.9319	  2.0993	 -1.1461	
 29.0579	-168.6876	 722.6813	 -1.9382	  2.1008	 -1.1552	
 29.1559	-168.6974	 722.5711	 -1.9357	  2.1014	 -1.1487	
 29.1723	-168.7022	 722.5070	 -1.9300	  2.1034	 -1.1505	
 29.1714	-168.6977	 722.5714	 -1.9400	  2.1029	 -1.1505	
 29.2824	-168.7001	 722.5731	 -1.9452	  2.0844	 -1.1587	
 29.3601	-168.7017	 722.5744	 -1.9019	  2.1042	 -1.1497	
 29.2824	-168.7001	 722.5731	 -1.9364	  2.1111	 -1.1592	
 29.2824	-168.7001	 722.5731	 -1.9166	  2.1032	 -1.1791	
 29.2482	-168.6994	 722.5726	 -1.9165	  2.1016	 -1.1773	
 29.1714	-168.6977	 722.5714	 -1.9166	  2.0994	 -1.1877	
 29.1699	-168.6903	 722.6787	 -1.9363	  2.1091	 -1.1867	
 29.2602	-168.6028	 722.6783	 -1.9134	  2.1127	 -1.1893	
 29.0579	-168.6876	 722.6813	 -1.9508	  2.1215	 -1.2013	
 29.0579	-168.6876	 722.6813	 -1.9287	  2.1226	 -1.2012	
 29.1266	-168.6968	 722.5707	 -1.9679	  2.1195	 -1.2001	
 28.9475	-168.6930	 722.5678	 -1.9646	  2.1200	 -1.2006	
 28.9462	-168.8037	 722.5755	 -1.9680	  2.1220	 -1.2030	
 28.9461	-168.8090	 722.4998	 -1.9683	  2.1244	 -1.2056	
 28.9475	-168.6930	 722.5678	 -1.9819	  2.1258	 -1.2219	
 28.9540	-168.6931	 722.5679	 -1.9878	  2.1407	 -1.2251	
 28.9475	-168.6930	 722.5678	 -1.9898	  2.1437	 -1.2287	
 28.9492	-168.6510	 722.5191	 -2.0184	  2.1490	 -1.2365	
 28.9450	-168.8037	 722.5755	 -2.0078	  2.1568	 -1.2448	
 29.1445	-168.8157	 722.4669	 -2.0236	  2.1630	 -1.2528	
 29.2831	-168.8263	 722.3584	 -2.0359	  2.1946	 -1.2597	
 29.3975	-168.7180	 722.3525	 -2.0530	  2.2201	 -1.2462	
 29.8055	-168.7468	 722.0671	 -2.0215	  2.2069	 -1.2732	
 30.2982	-168.7756	 721.8100	 -2.0345	  2.2142	 -1.2826	
 31.1982	-168.7061	 721.4822	 -2.0161	  2.2450	 -1.2870	
 32.0998	-168.6444	 721.0427	 -2.0042	  2.2544	 -1.2975	
 33.1558	-168.5898	 720.5643	 -1.9513	  2.2651	 -1.3069	
 34.3503	-168.5389	 720.0612	 -1.9046	  2.2586	 -1.2959	
 35.5867	-168.4853	 719.6270	 -1.8742	  2.2557	 -1.2905	
 37.1588	-168.5648	 718.9845	 -1.7963	  2.2759	 -1.2505	
 38.4080	-168.6299	 718.4465	 -1.7757	  2.2760	 -1.2304	
 39.7434	-168.5850	 717.9031	 -1.7254	  2.2956	 -1.1885	
 41.4296	-168.5589	 717.2012	 -1.6404	  2.3005	 -1.1582	
 43.7963	-168.2298	 716.2583	 -1.5836	  2.3039	 -1.1130	
 45.4844	-168.2078	 715.4980	 -1.4953	  2.2873	 -1.0889	
 47.2859	-168.0775	 714.7308	 -1.4439	  2.2778	 -1.0455	
 49.1984	-167.9495	 713.9664	 -1.3488	  2.2573	 -1.0165	
 51.0906	-167.9319	 713.2093	 -1.2687	  2.2471	 -0.9731	
 53.3599	-167.8269	 712.2271	 -1.2393	  2.2514	 -0.9182	
 55.1606	-167.8150	 711.3568	 -1.1947	  2.2535	 -0.8749	
 57.0740	-167.6871	 710.5924	 -1.1162	  2.2744	 -0.8349	
 59.2128	-167.5751	 709.6695	 -1.0594	  2.3058	 -0.8066	
 61.4676	-167.2428	 708.7217	 -1.0663	  2.3420	 -0.8010	
 63.3810	-167.1148	 707.9573	 -1.0778	  2.3832	 -0.7918	
 65.5164	-166.9916	 707.1953	 -1.0725	  2.4205	 -0.8250	
 68.7766	-166.6840	 706.2142	 -1.1684	  2.5390	 -0.9002	
 70.8840	-166.4407	 705.5558	 -1.1977	  2.6290	 -0.9287	
 73.6105	-166.2191	 704.7965	 -1.2659	  2.7486	 -0.9351	
 75.8538	-166.2012	 704.1557	 -1.3001	  2.8298	 -0.9417	
 78.2134	-165.9554	 703.6131	 -1.3454	  2.9222	 -0.9484	
 80.7966	-165.7221	 702.9622	 -1.3942	  3.0242	 -0.9858	
 83.2629	-165.4632	 702.6437	 -1.4365	  3.1036	 -1.0408	
 85.3970	-165.2049	 702.2092	 -1.4717	  3.1957	 -1.0739	
 87.8619	-165.0577	 701.8985	 -1.5281	  3.2928	 -1.1314	
 90.4402	-164.8011	 701.5817	 -1.6206	  3.3613	 -1.2073	
 92.5686	-164.6390	 701.3774	 -1.7185	  3.4420	 -1.2695	
 94.9225	-164.3700	 701.1689	 -1.7648	  3.4837	 -1.3428	
 98.1722	-164.1353	 700.7510	 -1.9214	  3.5489	 -1.4318	
 99.9689	-163.9817	 700.3190	 -2.0115	  3.6173	 -1.4617	
 102.1524	-163.7322	 699.7735	 -2.1624	  3.7277	 -1.4938	
 104.4672	-163.3825	 699.1107	 -2.2533	  3.8824	 -1.5210	
 106.9435	-163.0429	 698.3396	 -2.3034	  4.0567	 -1.5415	
 110.0925	-162.6145	 697.4597	 -2.3593	  4.2280	 -1.5603	
 113.3601	-161.9739	 696.4544	 -2.3654	  4.3354	 -1.5797	
 116.3982	-161.5432	 695.5727	 -2.3279	  4.4056	 -1.5600	
 119.9941	-161.1242	 694.6998	 -2.2183	  4.4586	 -1.5166	
 123.6954	-160.8028	 694.0589	 -2.0909	  4.5337	 -1.4470	
 127.3960	-160.4747	 693.5297	 -1.9690	  4.5569	 -1.4333	
 130.9829	-160.0169	 693.2134	 -1.8998	  4.5501	 -1.4573	
 135.3494	-159.5591	 693.1329	 -1.8711	  4.4772	 -1.5593	
 138.1458	-159.2849	 693.1539	 -1.8932	  4.4216	 -1.6599	
 141.7233	-158.8991	 693.4020	 -1.9894	  4.3730	 -1.8444	
 143.7309	-158.8143	 693.6484	 -2.0653	  4.4039	 -1.9358	
 145.7425	-158.6266	 693.7765	 -2.1727	  4.4743	 -2.0599	
 148.1517	-158.2171	 694.0061	 -2.2575	  4.5651	 -2.2221	
 150.5543	-157.8064	 694.2355	 -2.3328	  4.6237	 -2.3634	
 152.7948	-157.4010	 694.3517	 -2.4046	  4.6656	 -2.4564	
 155.4874	-156.9165	 694.1330	 -2.4720	  4.7080	 -2.5165	
 158.4066	-156.4447	 693.8062	 -2.4644	  4.7064	 -2.5085	
 161.1035	-155.9750	 693.3616	 -2.4544	  4.6622	 -2.4555	
 164.3653	-155.4303	 692.5899	 -2.3665	  4.6013	 -2.3653	
 169.0924	-154.4939	 691.4737	 -2.2555	  4.4706	 -2.2881	
 171.9018	-154.0342	 690.9225	 -2.1422	  4.4292	 -2.2667	
 174.8191	-153.6818	 690.4917	 -1.9762	  4.3540	 -2.2289	
 177.6473	-153.3264	 690.0604	 -1.8627	  4.3108	 -2.2041	
 179.8664	-153.1740	 689.7458	 -1.7694	  4.2603	 -2.1935	
 182.1133	-152.7997	 689.4161	 -1.7279	  4.2240	 -2.2034	
 183.7974	-152.5164	 689.1969	 -1.6804	  4.1898	 -2.2183	
 185.0340	-152.2161	 689.0815	 -1.6685	  4.2003	 -2.2468	
 185.9332	-152.0202	 688.9694	 -1.6742	  4.2458	 -2.2577	
 186.6070	-151.9305	 688.8606	 -1.6334	  4.2673	 -2.2513	
 186.9492	-151.8347	 688.7465	 -1.6634	  4.3091	 -2.2240	
 187.0667	-151.6369	 688.3986	 -1.7453	  4.3614	 -2.1447	
 186.6281	-151.5400	 688.0507	 -1.8153	  4.3996	 -2.0548	
 185.8480	-151.5312	 687.9266	 -1.8716	  4.4204	 -2.0047	
 184.7274	-151.7301	 687.9244	 -1.9001	  4.4613	 -1.9760	
 183.0763	-152.0217	 688.0333	 -1.9359	  4.4608	 -1.9806	
 181.3534	-152.5189	 688.3781	 -1.9593	  4.4254	 -1.9754	
 179.1009	-153.1089	 688.8350	 -1.9859	  4.3808	 -1.9748	
 176.5193	-153.5957	 689.0554	 -2.0103	  4.2798	 -1.9665	
 173.8297	-153.9761	 689.1556	 -2.0046	  4.1869	 -1.9475	
 170.3416	-154.2146	 689.4415	 -2.0085	  4.0590	 -1.9246	
 166.3246	-154.7894	 689.5517	 -2.1039	  3.9627	 -1.8895	
 162.2875	-155.4679	 689.7646	 -2.2073	  3.9398	 -1.8509	
 158.6971	-156.0373	 690.0886	 -2.3571	  3.9427	 -1.8287	
 152.0838	-156.9879	 690.3958	 -2.6311	  4.0071	 -1.8923	
 148.2554	-157.5523	 690.7161	 -2.7973	  4.0455	 -1.9056	
 143.6772	-158.2271	 690.8097	 -3.0214	  4.0865	 -1.9350	
 140.7637	-158.6038	 690.9054	 -3.1384	  4.1135	 -1.9401	
 136.1738	-159.0485	 691.0886	 -3.2643	  4.1687	 -1.9364	
 131.5852	-159.7459	 690.8533	 -3.4020	  4.2208	 -1.8990	
 127.3676	-160.4360	 690.8408	 -3.5361	  4.3051	 -1.8334	
 123.1839	-161.0161	 690.8212	 -3.6272	  4.3527	 -1.8047	
 119.4954	-161.2801	 690.6754	 -3.7175	  4.3652	 -1.7958	
 115.2491	-161.6519	 690.4158	 -3.7851	  4.3329	 -1.7791	
 110.9992	-162.1427	 690.1654	 -3.9093	  4.2619	 -1.7293	
 107.1974	-162.5066	 690.0249	 -4.0194	  4.2119	 -1.6776	
 100.6305	-163.0420	 689.8856	 -4.2665	  4.1128	 -1.6092	
 96.5740	-163.4034	 689.8227	 -4.4238	  4.0877	 -1.5741	
 91.8736	-163.8530	 689.8988	 -4.6122	  4.0842	 -1.5427	
 86.9512	-164.1796	 690.0745	 -4.7859	  4.0795	 -1.5550	
 82.4756	-164.3960	 690.3612	 -4.9646	  4.0878	 -1.5972	
 77.5500	-164.7060	 690.7592	 -5.1736	  4.1869	 -1.6798	
 72.5124	-165.0146	 691.1566	 -5.3830	  4.3179	 -1.7411	
 67.5843	-165.3168	 691.6663	 -5.6340	  4.4724	 -1.8213	
 62.8841	-165.5209	 692.0602	 -5.8120	  4.5737	 -1.8667	
 57.5166	-165.5990	 692.4367	 -6.1012	  4.7567	 -1.8965	
 52.0594	-165.5632	 692.8220	 -6.3546	  4.8973	 -1.8905	
 47.5691	-165.6766	 692.9700	 -6.5953	  5.0328	 -1.8669	
 39.9720	-165.7154	 693.1995	 -6.9100	  5.1530	 -1.8425	
 35.7242	-165.7141	 693.4743	 -7.1004	  5.1621	 -1.8412	
 31.1359	-165.9205	 693.8709	 -7.2959	  5.0760	 -1.8384	
 26.7706	-166.1316	 694.2701	 -7.4650	  5.0027	 -1.8380	
 22.6291	-166.2279	 694.7768	 -7.6191	  4.8919	 -1.8817	
 19.1621	-166.2432	 695.0639	 -7.7004	  4.8292	 -1.9312	
 15.3586	-166.3621	 695.3535	 -7.7490	  4.7960	 -1.9685	
 11.6704	-166.4989	 695.4224	 -7.7761	  4.7654	 -1.9766	
  8.7685	-166.5570	 695.2725	 -7.8361	  4.7547	 -1.9537	
  5.4230	-166.6203	 694.8930	 -7.8737	  4.7660	 -1.8968	
  2.0848	-166.5961	 694.1717	 -7.8888	  4.7584	 -1.8120	
 -0.8066	-166.5813	 693.4585	 -7.9094	  4.7454	 -1.7158	
 -5.4698	-166.4724	 691.9293	 -7.8279	  4.7791	 -1.5321	
 -8.5809	-166.4685	 690.9891	 -7.7895	  4.8001	 -1.4146	
-11.2453	-166.3545	 690.1589	 -7.7153	  4.8197	 -1.3189	
-14.4684	-166.3482	 689.2169	 -7.6573	  4.8319	 -1.2366	
-17.4685	-166.3466	 688.2785	 -7.6183	  4.8312	 -1.1790	
-20.2490	-166.3342	 687.5670	 -7.5450	  4.8143	 -1.1310	
-23.3601	-166.2075	 686.7923	 -7.4806	  4.7738	 -1.0816	
-26.4744	-166.3108	 685.9091	 -7.4060	  4.7155	 -1.0415	
-29.1445	-166.2930	 685.3101	 -7.3437	  4.6635	 -1.0409	
-32.3724	-166.2634	 684.7023	 -7.2723	  4.6282	 -1.0512	
-35.5987	-166.2416	 683.9828	 -7.1622	  4.5970	 -1.0657	
-38.3834	-166.3322	 683.4033	 -7.0606	  4.5503	 -1.0719	
-43.0608	-166.3990	 682.5442	 -6.9169	  4.4602	 -1.0755	
-46.1767	-166.3719	 681.9372	 -6.8557	  4.4074	 -1.0970	
-48.8525	-166.4502	 681.5694	 -6.8241	  4.3432	 -1.1214	
-52.3033	-166.4160	 680.9571	 -6.7622	  4.3008	 -1.1187	
-54.9639	-166.3906	 680.4700	 -6.7413	  4.2279	 -1.1269	
-57.7570	-166.3702	 679.8690	 -6.7018	  4.2056	 -1.1226	
-60.8688	-166.2390	 679.1435	 -6.7082	  4.1900	 -1.1368	
-64.0951	-166.2172	 678.4240	 -6.7090	  4.1835	 -1.1240	
-66.9865	-166.2024	 677.7108	 -6.7333	  4.1926	 -1.1004	
-70.3232	-166.1860	 676.8778	 -6.7079	  4.1991	 -1.0663	
-73.6557	-166.0666	 675.9263	 -6.7542	  4.2050	 -1.0391	
-76.5382	-166.0598	 675.1015	 -6.7731	  4.2349	 -0.9902	
-81.2062	-165.8391	 673.5644	 -6.7909	  4.2487	 -0.9325	
-84.4293	-165.8328	 672.6225	 -6.8095	  4.2280	 -0.8959	
-87.2046	-165.7164	 671.7915	 -6.8185	  4.2576	 -0.8464	
-90.3200	-165.6969	 671.0738	 -6.8564	  4.2819	 -0.8114	
-93.3208	-165.5681	 670.3500	 -6.8772	  4.3422	 -0.7779	
-95.9858	-165.4474	 669.6316	 -6.8773	  4.3590	 -0.7669	
-99.0987	-165.3162	 668.9071	 -6.8526	  4.3594	 -0.7652	
-101.9613	-165.1825	 668.2973	 -6.8763	  4.3510	 -0.7524	
-104.3260	-165.1635	 667.8139	 -6.8260	  4.3439	 -0.7345	
-106.9983	-165.1350	 667.3689	 -6.8172	  4.3425	 -0.7313	
-109.6741	-165.0891	 667.1725	 -6.7332	  4.3001	 -0.7907	
-112.1293	-165.0372	 667.1337	 -6.7071	  4.2380	 -0.8619	
-115.6942	-164.9850	 666.7430	 -6.6490	  4.0696	 -0.9442	
-117.5843	-164.8575	 666.3711	 -6.6106	  3.9760	 -0.9570	
-119.4768	-164.8407	 666.0069	 -6.6038	  3.9095	 -0.9402	
-121.8114	-164.6435	 665.6248	 -6.5147	  3.8932	 -0.9029	
-124.0285	-164.3603	 665.0128	 -6.4847	  3.9466	 -0.8527	
-126.5752	-163.9077	 664.2740	 -6.4958	  4.0257	 -0.8106	
-128.6800	-163.5676	 663.6607	 -6.5382	  4.1266	 -0.7694	
-131.1181	-163.2282	 662.9303	 -6.5787	  4.2538	 -0.7339	
-133.0015	-163.0045	 662.3283	 -6.6562	  4.4053	 -0.7047	
-134.4407	-162.7825	 661.8440	 -6.6925	  4.5389	 -0.6604	
-135.9893	-162.4464	 661.3512	 -6.7909	  4.6683	 -0.5943	
-137.9741	-161.9018	 660.5008	 -6.9492	  4.7556	 -0.4994	
-138.9633	-161.5852	 659.9051	 -7.0334	  4.8453	 -0.4072	
-139.5114	-161.3742	 659.5477	 -7.1208	  4.8737	 -0.3589	
-139.6192	-161.2679	 659.4265	 -7.1549	  4.8809	 -0.3343	
-139.3937	-161.2805	 659.3183	 -7.1558	  4.8969	 -0.3222	
-139.1708	-161.2852	 659.3218	 -7.1950	  4.8964	 -0.3249	
-137.6124	-161.4221	 659.4660	 -7.1760	  4.8862	 -0.3456	
-134.3863	-161.6896	 659.8668	 -7.1329	  4.8371	 -0.3969	
-131.3133	-162.0812	 660.0495	 -7.0673	  4.8112	 -0.4260	
-128.0445	-162.4758	 660.2362	 -6.9774	  4.7944	 -0.4282	
-124.5957	-162.9948	 660.3219	 -6.8560	  4.7749	 -0.4227	
-121.2544	-163.2801	 660.5021	 -6.7463	  4.7811	 -0.4231	
-117.2477	-163.8109	 660.5966	 -6.5953	  4.7912	 -0.4263	
-111.5675	-164.4955	 660.6136	 -6.3684	  4.7855	 -0.4548	
-107.4447	-164.9247	 660.5904	 -6.2258	  4.7993	 -0.4653	
-103.8814	-165.3343	 660.6701	 -6.1515	  4.8001	 -0.5001	
-99.8697	-165.6416	 660.7491	 -6.0955	  4.8000	 -0.5768	
-95.9699	-166.0660	 660.7234	 -6.0808	  4.8390	 -0.6472	
-92.0726	-166.6012	 660.7044	 -6.0168	  4.8838	 -0.7255	
-88.5045	-167.0341	 660.4499	 -5.9317	  4.9533	 -0.7641	
-84.2619	-167.3849	 659.9759	 -5.8077	  5.0387	 -0.8088	
-80.1271	-167.7489	 659.2776	 -5.6517	  5.0872	 -0.8441	
-76.6571	-167.8764	 658.5524	 -5.5788	  5.1228	 -0.8629	
-72.7876	-168.2512	 657.6275	 -5.4549	  5.1203	 -0.8429	
-68.9324	-168.4100	 656.5751	 -5.3701	  5.1044	 -0.8005	
-63.6683	-168.7402	 655.1067	 -5.2657	  5.1092	 -0.7087	
-59.9656	-168.7928	 653.9324	 -5.1323	  5.1573	 -0.6342	
-56.3788	-168.9459	 652.8758	 -5.0601	  5.2128	 -0.5383	
-53.3515	-169.0795	 651.9210	 -5.0045	  5.2685	 -0.4666	
-49.9943	-169.3230	 651.0909	 -4.9201	  5.3506	 -0.3782	
-46.7473	-169.4457	 650.3631	 -4.8948	  5.4251	 -0.3241	
-44.0596	-169.5489	 649.7372	 -4.8834	  5.5154	 -0.3005	
-40.9237	-169.5508	 649.1116	 -4.8934	  5.5995	 -0.3102	
-37.6757	-169.5541	 648.4868	 -4.9282	  5.6914	 -0.3165	
-34.8777	-169.6519	 647.9744	 -4.9576	  5.7636	 -0.3069	
-31.5201	-169.6461	 647.5150	 -5.0065	  5.8188	 -0.2666	
-28.0542	-169.7540	 647.0719	 -5.0308	  5.8744	 -0.2032	
-23.4348	-169.7717	 646.6923	 -5.1221	  5.9492	 -0.1619	
-19.8936	-169.6318	 646.6211	 -5.1777	  5.9800	 -0.1838	
-16.2084	-169.5980	 646.6716	 -5.1917	  6.0307	 -0.2180	
-12.6409	-169.6579	 646.9506	 -5.2211	  6.1143	 -0.2536	
 -8.2958	-169.7189	 647.4654	 -5.1548	  6.1971	 -0.3002	
 -3.3970	-169.8955	 648.1074	 -5.0405	  6.2805	 -0.3670	
  0.9449	-169.9409	 648.8446	 -4.9326	  6.3393	 -0.4316	
  6.1748	-170.1004	 649.8261	 -4.7057	  6.4137	 -0.5166	
 11.4046	-170.1415	 650.9105	 -4.5434	  6.4616	 -0.6026	
 15.9646	-170.1683	 651.9854	 -4.3400	  6.4703	 -0.6955	
 21.0803	-170.1914	 653.2916	 -4.1449	  6.4436	 -0.7842	
 26.0771	-170.4254	 654.7424	 -4.0096	  6.4046	 -0.8795	
 32.5147	-170.5201	 657.0586	 -3.7908	  6.3002	 -1.0702	
 36.8406	-170.4879	 658.9090	 -3.6905	  6.1678	 -1.2687	
 40.6062	-170.5556	 660.7583	 -3.5572	  5.9831	 -1.4407	
 43.7104	-170.5208	 662.2551	 -3.5062	  5.8264	 -1.5897	
 46.6975	-170.5865	 663.8695	 -3.4479	  5.6298	 -1.7472	
 49.4642	-170.6562	 665.3688	 -3.4509	  5.5197	 -1.8958	
 51.6763	-170.6102	 666.7407	 -3.4731	  5.4166	 -2.0280	
 53.7774	-170.5619	 668.1099	 -3.5420	  5.3577	 -2.1429	
 55.6593	-170.4035	 669.3773	 -3.6110	  5.2905	 -2.2546	
 57.0966	-170.2473	 670.4855	 -3.6601	  5.2172	 -2.3424	
 58.5336	-170.0886	 671.6139	 -3.6604	  5.1692	 -2.3976	
 60.5236	-169.9185	 673.0853	 -3.6176	  5.1198	 -2.3954	
 61.4091	-169.7801	 673.7601	 -3.5648	  5.1122	 -2.3524	
 62.0743	-169.5252	 674.4235	 -3.5193	  5.0930	 -2.2693	
 62.2885	-169.3639	 675.1983	 -3.4425	  5.0693	 -2.1679	
 62.1678	-169.1955	 675.9688	 -3.4183	  5.0686	 -2.0900	
 61.6575	-169.0044	 676.9547	 -3.3454	  5.0592	 -2.0447	
 60.6862	-168.8911	 678.2763	 -3.3259	  5.0627	 -2.0518	
 59.5506	-168.8929	 679.4902	 -3.3261	  5.0315	 -2.0865	
 57.5109	-169.0681	 681.1524	 -3.3453	  4.9549	 -2.1482	
 55.5853	-169.2612	 682.5929	 -3.3751	  4.9045	 -2.1957	
 53.4425	-169.3534	 683.7997	 -3.4370	  4.8853	 -2.2507	
 50.9648	-169.4347	 685.0697	 -3.5440	  4.9233	 -2.2995	
 47.0361	-169.4862	 686.2904	 -3.6836	  4.9826	 -2.3212	
 44.7944	-169.5109	 686.8194	 -3.7769	  5.0214	 -2.2950	
 42.2709	-169.6425	 687.3518	 -3.9044	  5.0211	 -2.2478	
 39.9718	-169.7854	 687.7769	 -4.0131	  5.0264	 -2.2168	
 37.9587	-169.7197	 688.0792	 -4.1324	  5.0176	 -2.2123	
 35.4963	-169.7563	 688.3813	 -4.2121	  5.0121	 -2.2108	
 33.7093	-169.7107	 688.4647	 -4.2514	  5.0073	 -2.2025	
 31.8113	-169.6629	 688.5464	 -4.3199	  4.9974	 -2.1830	
 29.9124	-169.6150	 688.6271	 -4.3569	  4.9831	 -2.1416	
 28.1295	-169.4656	 688.5911	 -4.4017	  4.9420	 -2.0834	
 26.4561	-169.4302	 688.5646	 -4.4374	  4.9208	 -2.0223	
 25.1166	-169.4019	 688.5434	 -4.4497	  4.9241	 -1.9694	
 22.9947	-169.3493	 688.6216	 -4.4110	  4.9083	 -1.9141	
 21.8791	-169.3257	 688.6039	 -4.4085	  4.8803	 -1.8930	
 20.7578	-169.3983	 688.8164	 -4.4056	  4.8504	 -1.8670	
 19.6406	-169.3669	 688.9105	 -4.3954	  4.8130	 -1.8490	
 18.8573	-169.3427	 689.0088	 -4.4014	  4.7899	 -1.8448	
 18.0774	-169.2067	 689.1004	 -4.4208	  4.7860	 -1.8372	
 17.4126	-168.9701	 689.0744	 -4.4190	  4.7607	 -1.8253	
 16.9668	-168.9607	 689.0674	 -4.4468	  4.7484	 -1.7959	
 16.7463	-168.8443	 689.0561	 -4.4146	  4.7535	 -1.7465	
 16.6360	-168.8497	 688.9426	 -4.3909	  4.7346	 -1.6925	
 16.6400	-168.7457	 688.8241	 -4.3676	  4.7092	 -1.6235	
 16.7561	-168.6452	 688.7065	 -4.3391	  4.6546	 -1.5378	
 17.2100	-168.4477	 688.4757	 -4.2374	  4.5558	 -1.3952	
 17.6594	-168.3454	 688.4750	 -4.1734	  4.4809	 -1.3432	
 18.1093	-168.2509	 688.3626	 -4.1366	  4.4351	 -1.2880	
 18.5239	-168.1490	 688.3614	 -4.1029	  4.4163	 -1.2450	
 19.0085	-168.0551	 688.2506	 -4.0702	  4.3784	 -1.2093	
 19.4579	-167.9529	 688.2499	 -4.0459	  4.3482	 -1.1466	
 36.9965	-165.8832	 739.8323	 -1.1876	  2.6281	  0.5179	
 36.9981	-165.8909	 739.7215	 -1.1867	  2.6257	  0.5452	
 37.1018	-165.7968	 739.4919	 -1.1756	  2.6390	  0.5957	
 37.1173	-165.8048	 739.3814	 -1.1656	  2.6277	  0.5825	
 37.2318	-165.6955	 739.3754	 -1.1635	  2.6270	  0.5831	
 37.3432	-165.8239	 739.1786	 -1.1538	  2.6226	  0.5869	
 37.3419	-165.8173	 739.2732	 -1.1477	  2.6275	  0.6086	
 37.4538	-165.8197	 739.2750	 -1.1174	  2.6231	  0.6131	
 37.4538	-165.8197	 739.2750	 -1.1244	  2.6190	  0.6160	
 37.5658	-165.8221	 739.2768	 -1.1204	  2.6183	  0.6167	
 37.5633	-165.9338	 739.2845	 -1.1174	  2.6190	  0.6162	
 37.5609	-166.0398	 739.2919	 -1.0953	  2.6169	  0.6187	
 37.5633	-165.9338	 739.2845	 -1.1211	  2.6141	  0.6115	
 37.5983	-165.9345	 739.2851	 -1.1277	  2.6090	  0.5983	
 37.4522	-165.8119	 739.3867	 -1.1147	  2.5884	  0.5768	
 37.4522	-165.8119	 739.3867	 -1.1146	  2.5874	  0.5776	
 37.4522	-165.8119	 739.3867	 -1.1148	  2.5756	  0.5614	
 37.4537	-165.8189	 739.2862	 -1.0879	  2.5774	  0.5611	
 37.5642	-165.8143	 739.3885	 -1.1069	  2.5806	  0.5579	
 37.7004	-165.8095	 739.5014	 -1.0905	  2.5707	  0.5408	
 37.7839	-165.8035	 739.6144	 -1.0846	  2.5523	  0.5300	
 38.0068	-165.8082	 739.6180	 -1.0028	  2.5235	  0.4922	
 38.3417	-165.8153	 739.6233	 -0.9652	  2.5216	  0.4950	
 38.7835	-165.9286	 739.7498	 -0.8947	  2.4988	  0.4898	
 39.3413	-165.9404	 739.7586	 -0.7972	  2.4456	  0.4833	
 39.8969	-165.9367	 739.9899	 -0.6511	  2.3411	  0.4535	
 41.0077	-165.9370	 740.3417	 -0.4259	  2.1514	  0.4354	
 41.7868	-165.9458	 740.4648	 -0.2306	  1.9848	  0.4432	
 42.8294	-166.0631	 740.7125	 -0.0265	  1.8410	  0.4323	
 44.7852	-166.1853	 741.1962	  0.3622	  1.6122	  0.4008	
 45.6763	-166.1964	 741.3221	  0.4931	  1.4940	  0.3876	
 46.4571	-166.2129	 741.3344	  0.6963	  1.3610	  0.3360	
 47.2413	-166.1177	 741.3391	  0.8787	  1.2829	  0.3329	
 48.3553	-166.1336	 741.4674	  1.1132	  1.2217	  0.3436	
 49.5813	-166.1517	 741.5986	  1.4122	  1.1929	  0.3838	
 50.8037	-166.2816	 741.7375	  1.7745	  1.2016	  0.4083	
 52.8164	-166.0939	 741.8646	  2.2610	  1.2413	  0.4219	
 55.3891	-165.9325	 741.7790	  2.8898	  1.2629	  0.4027	
 57.6228	-165.8689	 741.8066	  3.4785	  1.2261	  0.4290	
 59.9693	-165.6883	 741.9390	  4.0841	  1.1269	  0.4352	
 62.5373	-165.6231	 742.0836	  4.7089	  0.9994	  0.4896	
 64.8813	-165.5532	 742.2246	  5.2526	  0.8810	  0.5337	
 67.7914	-165.2882	 742.1356	  5.9076	  0.7268	  0.5824	
 70.6973	-165.1271	 742.1661	  6.5417	  0.5681	  0.6436	
 73.2765	-164.7520	 741.9534	  7.1112	  0.4313	  0.6516	
 76.4154	-164.2693	 741.8526	  7.7929	  0.2148	  0.7028	
 78.7741	-163.7779	 741.6286	  8.2978	  0.0432	  0.7373	
 81.0154	-163.5332	 741.4201	  8.7631	 -0.1431	  0.8333	
 83.6467	-163.2510	 741.1024	  9.2683	 -0.3428	  0.9190	
 87.0810	-162.5896	 740.4339	  9.9159	 -0.6657	  1.1120	
 89.3342	-162.1269	 739.7623	 10.3879	 -0.9444	  1.2918	
 91.9264	-161.5682	 738.9776	 10.9222	 -1.2154	  1.4986	
 94.7415	-161.1328	 738.0924	 11.4573	 -1.4463	  1.7344	
 97.2268	-160.4668	 737.1863	 11.9680	 -1.6428	  1.9215	
 100.4969	-159.7145	 736.1733	 12.6315	 -1.8978	  2.1767	
 102.8702	-159.0472	 735.2656	 13.2068	 -2.1197	  2.3646	
 105.4648	-158.3768	 734.4731	 13.7449	 -2.3347	  2.5616	
 108.4033	-157.3862	 733.5510	 14.4112	 -2.5597	  2.7366	
 111.3378	-156.5005	 732.7484	 15.0660	 -2.7375	  2.8839	
 113.8183	-155.8113	 732.1765	 15.6058	 -2.8918	  3.0424	
 116.5216	-155.1277	 731.6083	 16.2020	 -3.0367	  3.2022	
 120.1333	-153.9222	 730.7921	 17.0750	 -3.2154	  3.3592	
 121.9408	-153.2033	 730.4321	 17.5336	 -3.2965	  3.4069	
 124.0194	-152.4911	 730.0764	 18.0202	 -3.3860	  3.4489	
 125.8815	-151.9814	 729.9563	 18.4464	 -3.4729	  3.5383	
 127.7985	-151.3765	 729.6058	 18.8642	 -3.5291	  3.6213	
 129.6060	-150.6586	 729.2459	 19.3017	 -3.5707	  3.7341	
 131.1881	-150.0467	 728.8901	 19.6801	 -3.5795	  3.8435	
 132.7708	-149.4425	 728.4235	 20.1161	 -3.6237	  4.0347	
 134.4787	-148.5310	 727.6005	 20.6146	 -3.6862	  4.2600	
 136.1856	-147.6183	 726.7784	 20.9517	 -3.7395	  4.4944	
 137.4408	-147.0381	 725.8607	 21.2446	 -3.7606	  4.7014	
 138.6944	-146.4512	 725.0548	 21.4048	 -3.7842	  4.9323	
 139.8377	-145.8686	 724.1354	 21.6471	 -3.8165	  5.1789	
 140.0703	-145.6742	 723.7893	 21.7315	 -3.8474	  5.2845	
 139.9665	-145.4640	 723.5496	 21.7541	 -3.8454	  5.3073	
 139.8572	-145.4694	 723.4361	 21.7531	 -3.8449	  5.3076	
 139.7452	-145.4670	 723.4344	 21.7349	 -3.8348	  5.2906	
 138.9514	-145.8808	 723.6754	 21.6338	 -3.7882	  5.2376	
 136.7993	-146.7908	 724.3796	 21.2276	 -3.6780	  5.0884	
 135.2115	-147.4989	 724.9656	 20.8967	 -3.5929	  4.9588	
 133.0585	-148.4045	 725.7309	 20.3179	 -3.4803	  4.7811	
 130.4548	-149.5250	 726.4932	 19.6234	 -3.3224	  4.5605	
 127.8528	-150.5294	 727.3099	 18.9199	 -3.1571	  4.3319	
 124.5679	-151.9501	 728.3683	 18.0383	 -2.9538	  4.0574	
 119.3635	-154.0862	 729.7859	 16.7169	 -2.6385	  3.7166	
 116.1987	-155.3023	 730.6083	 15.8393	 -2.4522	  3.5481	
 112.4807	-156.4094	 731.1915	 14.8389	 -2.2081	  3.3453	
 108.5368	-157.6167	 731.8907	 13.8281	 -1.9219	  3.1800	
 105.0459	-158.6256	 732.3581	 12.9162	 -1.6209	  3.0674	
 101.2210	-159.6273	 732.8211	 11.8090	 -1.2287	  2.9601	
 97.2877	-160.5161	 733.2738	 10.7880	 -0.8421	  2.8551	
 93.8083	-161.0879	 733.5995	  9.8870	 -0.5640	  2.7463	
 90.0987	-161.8619	 734.1597	  8.9070	 -0.2818	  2.6326	
 86.3857	-162.5900	 734.9411	  7.9444	 -0.0836	  2.5046	
 83.3502	-163.1851	 735.4984	  7.1344	  0.0676	  2.3695	
 79.8644	-163.7259	 736.2691	  6.3018	  0.1799	  2.1813	
 74.8008	-164.6474	 737.4917	  5.0912	  0.2362	  1.9544	
 71.9923	-164.9876	 738.1468	  4.3814	  0.2157	  1.8058	
 68.7353	-165.3097	 738.9055	  3.6628	  0.1412	  1.6543	
 65.5950	-165.5390	 739.4358	  2.9434	  0.1011	  1.5092	
 63.1311	-165.6862	 739.7466	  2.3230	  0.1126	  1.3976	
 60.2147	-165.9202	 740.2804	  1.5515	  0.1887	  1.3461	
 57.4134	-166.0526	 740.6966	  0.7773	  0.3635	  1.2614	
 54.5051	-166.0797	 740.9926	  0.1131	  0.5334	  1.1987	
 51.2685	-165.8840	 741.1570	 -0.6841	  0.8139	  1.1325	
 47.6962	-165.8008	 741.2112	 -1.5012	  1.1121	  1.1116	
 44.5666	-165.8310	 741.3920	 -2.2580	  1.4261	  1.1279	
 41.1002	-165.9724	 741.4643	 -3.0973	  1.8364	  1.1249	
 35.8521	-165.7198	 741.8195	 -4.3977	  2.4863	  1.0413	
 32.7284	-165.4071	 742.0877	 -5.1270	  2.8744	  0.9424	
 28.9357	-164.9627	 742.4504	 -5.9611	  3.2463	  0.8050	
 25.2516	-164.6304	 742.8215	 -6.7533	  3.6199	  0.7323	
 22.2388	-164.3210	 743.0925	 -7.4732	  3.9542	  0.6967	
 18.8962	-163.9007	 743.2388	 -8.2924	  4.2754	  0.6694	
 15.6638	-163.5138	 743.3900	 -9.0690	  4.5448	  0.6652	
 12.7694	-163.0804	 743.4295	 -9.7133	  4.7285	  0.6773	
  9.4282	-162.5483	 743.5690	-10.4653	  4.8402	  0.6596	
  6.2007	-162.0273	 743.5977	-11.1500	  4.9859	  0.6293	
  3.4224	-161.4031	 743.6259	-11.7562	  5.1267	  0.5714	
  0.4105	-160.9752	 744.0006	-12.3742	  5.3311	  0.5179	
 -3.7177	-160.3955	 744.5726	-13.2799	  5.6887	  0.4054	
 -6.1702	-159.9862	 744.8447	-13.8317	  5.9346	  0.3211	
 -8.8382	-159.2381	 745.0901	-14.4059	  6.2298	  0.2126	
-11.5112	-158.7133	 745.3510	-14.9872	  6.5325	  0.1182	
-13.8452	-158.0918	 745.4977	-15.4533	  6.7857	  0.0581	
-16.2861	-157.3640	 745.5232	-16.0350	  6.9792	 -0.0304	
-18.7321	-156.7400	 745.6692	-16.5941	  7.2033	 -0.0688	
-20.9576	-156.2324	 745.8254	-17.1304	  7.4349	 -0.0726	
-23.0701	-155.7263	 745.9834	-17.5885	  7.5753	 -0.0815	
-25.2939	-154.9798	 746.3475	-18.0658	  7.7675	 -0.1507	
-27.5151	-154.2421	 746.6001	-18.5388	  7.9547	 -0.2430	
-29.5198	-153.7228	 746.9822	-18.9603	  8.1265	 -0.3196	
-32.8633	-153.0567	 747.4472	-19.7753	  8.3972	 -0.3805	
-34.7530	-152.4368	 747.7127	-20.2104	  8.5712	 -0.4086	
-36.9701	-151.5952	 747.8458	-20.7529	  8.7725	 -0.4827	
-39.4062	-150.5254	 747.9598	-21.3111	  8.9132	 -0.5323	
-41.9557	-149.5650	 748.0808	-21.8863	  9.0078	 -0.5692	
-44.2856	-148.8395	 748.1080	-22.4142	  9.1053	 -0.5276	
-46.7250	-148.0009	 748.1268	-23.0076	  9.2528	 -0.4914	
-49.1599	-146.9318	 748.2318	-23.5662	  9.3798	 -0.4893	
-51.1544	-146.1812	 748.2722	-24.0852	  9.5423	 -0.4991	
-53.3642	-145.0447	 748.2726	-24.6056	  9.6836	 -0.5135	
-55.4646	-144.1092	 748.1772	-25.1057	  9.8556	 -0.5110	
-57.4327	-143.2883	 748.0917	-25.5100	  9.9471	 -0.5017	
-60.3246	-142.0250	 747.6273	-26.2032	 10.0747	 -0.3938	
-62.1990	-141.1123	 747.3122	-26.6253	 10.0886	 -0.2714	
-64.4105	-140.4187	 746.8962	-27.1339	 10.0847	 -0.0527	
-66.6081	-139.1778	 746.3310	-27.6479	 10.0531	  0.1437	
-68.9144	-137.9501	 745.5407	-28.1594	 10.0269	  0.3517	
-70.6711	-136.9411	 744.9980	-28.6004	 10.0505	  0.4976	
-72.7603	-135.8143	 744.4413	-29.1321	 10.0773	  0.6534	
-74.6240	-134.5804	 743.8814	-29.6497	 10.1212	  0.7521	
-76.4871	-133.3448	 743.3477	-30.1053	 10.1189	  0.8393	
-78.6819	-131.8756	 742.8506	-30.6999	 10.2002	  0.9772	
-80.4353	-130.6374	 742.4042	-31.1347	 10.2777	  1.1133	
-82.4124	-129.5119	 741.8493	-31.6298	 10.3941	  1.3166	
-85.0455	-128.0703	 740.8157	-32.2102	 10.5567	  1.6217	
-86.6887	-127.0723	 740.1631	-32.5923	 10.7134	  1.8046	
-87.8876	-126.0751	 739.6293	-32.8777	 10.8424	  1.9237	
-89.0840	-124.9672	 739.0867	-33.2175	 11.0248	  2.0366	
-90.2797	-123.9855	 738.3294	-33.5553	 11.2282	  2.1803	
-91.4760	-122.9970	 737.6839	-33.8462	 11.3687	  2.3259	
-92.8914	-122.0261	 736.7006	-34.1960	 11.5622	  2.5538	
-94.4123	-120.8381	 735.5895	-34.5396	 11.7288	  2.8223	
-95.6023	-119.7612	 734.6020	-34.8828	 11.8520	  3.0876	
-97.0071	-118.4728	 733.3722	-35.1929	 11.9658	  3.3732	
-98.3132	-117.4964	 732.5024	-35.4844	 12.1064	  3.6424	
-99.2940	-116.8458	 731.8836	-35.6195	 12.2442	  3.8221	
-100.4987	-116.1914	 731.2612	-35.9012	 12.5026	  3.9146	
-101.1569	-115.7392	 731.1080	-36.0419	 12.6685	  3.8738	
-101.7065	-115.2748	 731.1800	-36.1681	 12.7839	  3.7968	
-102.4830	-114.9087	 731.3669	-36.2821	 12.9338	  3.7127	
-103.0422	-114.6434	 731.7885	-36.3903	 13.1169	  3.6237	
-103.3794	-114.5013	 732.1096	-36.5169	 13.2624	  3.5436	
-103.7207	-114.4632	 732.5492	-36.5714	 13.4295	  3.4654	
-104.0579	-114.3212	 732.8703	-36.6185	 13.5452	  3.4088	
-104.1882	-114.1844	 733.1947	-36.6268	 13.5801	  3.3709	
-104.5068	-114.0505	 733.4044	-36.7011	 13.5977	  3.3163	
-104.5116	-114.0272	 733.7385	-36.7098	 13.5977	  3.2560	
-104.4054	-114.0063	 734.0744	-36.7108	 13.5707	  3.1820	
-104.1944	-114.1946	 734.6500	-36.7006	 13.5541	  3.0476	
-103.9772	-114.2955	 734.8837	-36.6661	 13.5101	  2.9626	
-103.7617	-114.6343	 734.9104	-36.5776	 13.4787	  2.9384	
-103.2162	-115.2027	 734.9579	-36.4201	 13.3894	  2.9346	
-102.4488	-115.8952	 734.9049	-36.1879	 13.2925	  2.9589	
-101.1243	-116.8374	 734.6548	-35.8280	 13.1583	  2.9789	
-99.1377	-118.2542	 734.2216	-35.2604	 13.0001	  2.9930	
-96.9362	-120.0019	 733.9280	-34.5220	 12.8262	  3.0221	
-94.7316	-121.6468	 733.5149	-33.7170	 12.6579	  3.0353	
-91.9848	-123.8444	 733.3717	-32.7901	 12.4972	  3.0548	
-88.8981	-125.9452	 733.1153	-31.7904	 12.3025	  3.0296	
-86.1464	-127.9204	 732.9567	-30.8601	 12.1477	  3.0076	
-80.6442	-131.7349	 732.9657	-29.1533	 11.8489	  2.9013	
-77.6767	-133.9218	 733.0485	-28.2116	 11.7160	  2.8834	
-74.8178	-135.8751	 733.2257	-27.2688	 11.5419	  2.8867	
-71.5130	-137.9583	 733.3071	-26.2365	 11.3014	  2.8492	
-68.3192	-139.9186	 733.4897	-25.1897	 11.0138	  2.8313	
-65.2304	-141.4173	 733.8478	-24.3330	 10.8000	  2.7817	
-61.9240	-143.2607	 734.1493	-23.3256	 10.5401	  2.7596	
-58.5015	-144.8849	 734.4239	-22.2984	 10.2709	  2.6881	
-55.5198	-146.2762	 734.6760	-21.4120	 10.0523	  2.6160	
-52.1014	-148.0044	 735.0692	-20.4014	  9.7756	  2.5319	
-48.3480	-149.7387	 735.4675	-19.4211	  9.5495	  2.4440	
-45.1450	-151.1270	 735.8338	-18.5328	  9.3475	  2.3854	
-39.6144	-153.2264	 736.3954	-17.1206	  8.9964	  2.2248	
-36.1860	-154.5077	 736.7576	-16.2239	  8.7333	  2.0828	
-30.7624	-156.3854	 737.2433	-14.7838	  8.3205	  1.9664	
-29.9833	-156.6367	 737.1073	-14.5653	  8.2188	  1.9409	
-26.7673	-157.5958	 737.2203	-13.6850	  7.8919	  1.9196	
-23.5446	-158.3392	 737.2061	-12.9754	  7.6595	  1.8972	
-19.7626	-159.1031	 737.0901	-12.1435	  7.3823	  1.8970	
-16.0950	-159.9754	 736.9800	-11.3016	  7.1054	  1.9467	
-12.9768	-160.5029	 736.8366	-10.5314	  6.7992	  1.9904	
 -9.4115	-161.1736	 736.3765	 -9.6625	  6.4779	  2.0840	
 -5.7338	-161.7196	 736.1315	 -8.7961	  6.1465	  2.1754	
 -1.9478	-162.3806	 735.8961	 -7.9574	  5.8486	  2.2404	
  3.4049	-162.9697	 735.5659	 -6.7823	  5.5000	  2.2920	
  7.4197	-163.2925	 735.4225	 -5.9708	  5.2634	  2.2939	
 10.7583	-163.6025	 735.2618	 -5.2383	  5.0318	  2.3234	
 14.4475	-164.0006	 734.9010	 -4.4716	  4.7657	  2.3655	
 18.2425	-164.2594	 734.6387	 -3.6576	  4.5356	  2.4607	
 21.5951	-164.3534	 734.3575	 -2.9445	  4.3885	  2.5365	
 25.5062	-164.5865	 733.8705	 -2.2206	  4.1822	  2.6409	
 29.1943	-164.6954	 733.4829	 -1.4619	  3.9583	  2.7614	
 32.6605	-164.7996	 733.0928	 -0.7055	  3.6426	  2.8703	
 35.7629	-164.6726	 732.6804	 -0.1061	  3.3578	  2.9374	
 39.1534	-164.5450	 732.3843	  0.6225	  3.0160	  3.0249	
 42.7314	-164.5330	 732.0990	  1.3291	  2.6817	  3.0877	
 47.4316	-164.3290	 731.7051	  2.2626	  2.2106	  3.1917	
 50.6747	-164.3090	 731.4144	  2.9624	  1.8355	  3.2438	
 53.4704	-164.1537	 731.3256	  3.5335	  1.5021	  3.3012	
 56.6074	-163.9085	 731.0245	  4.1138	  1.1080	  3.3640	
 59.6251	-163.8761	 730.8410	  4.6786	  0.7241	  3.4402	
 62.5351	-163.6110	 730.7530	  5.2099	  0.3624	  3.4698	
 64.7723	-163.4358	 730.7729	  5.6362	  0.0502	  3.4959	
 67.0109	-163.1488	 730.7850	  6.0910	 -0.2747	  3.5467	
 68.8028	-162.9719	 730.6862	  6.4813	 -0.5576	  3.6127	
 70.2574	-162.8986	 730.5906	  6.7512	 -0.7475	  3.6630	
 71.4915	-162.7099	 730.4829	  6.9410	 -0.9170	  3.7405	
 72.2779	-162.6313	 730.2652	  7.0807	 -1.0230	  3.7804	
 73.0637	-162.5439	 730.1581	  7.1602	 -1.1031	  3.8522	
 73.2907	-162.4447	 730.0421	  7.1601	 -1.1241	  3.8803	
 73.4027	-162.4470	 730.0439	  7.1599	 -1.1233	  3.9005	
 73.4086	-162.2620	 729.9198	  7.1598	 -1.1183	  3.9211	
 73.2964	-162.3495	 729.8120	  7.1197	 -1.0939	  3.9441	
 72.8594	-162.2594	 729.3523	  6.9696	 -1.0166	  4.0031	
 72.0841	-162.2739	 728.8941	  6.7466	 -0.9321	  4.0524	
 70.9716	-162.3891	 728.4962	  6.4602	 -0.8592	  4.1505	
 69.5185	-162.5926	 728.3200	  6.1807	 -0.7715	  4.2182	
 67.9577	-162.5673	 728.1836	  5.8516	 -0.6535	  4.2758	
 66.0636	-162.6622	 727.8282	  5.4131	 -0.4682	  4.3226	
 64.1646	-162.8601	 727.5901	  4.9051	 -0.2489	  4.3736	
 61.2593	-163.1484	 727.3450	  4.1782	  0.0616	  4.4225	
 59.1391	-163.1035	 727.3114	  3.6728	  0.3034	  4.4235	
 57.0139	-163.2811	 727.2933	  3.1524	  0.5669	  4.3926	
 55.1175	-163.2410	 727.2633	  2.7439	  0.8368	  4.3502	
 52.9923	-163.4186	 727.2451	  2.2759	  1.1606	  4.3364	
 51.2070	-163.3809	 727.2169	  1.8468	  1.5008	  4.2728	
 49.5319	-163.3377	 727.3021	  1.4844	  1.7751	  4.2653	
 47.8559	-163.2946	 727.3863	  1.0791	  2.0897	  4.2229	
 46.1776	-163.4816	 727.3753	  0.6807	  2.4121	  4.2173	
 44.8374	-163.4456	 727.4658	  0.3514	  2.7048	  4.1904	
 42.8226	-163.6187	 727.5612	 -0.0568	  3.0090	  4.1897	
 41.4774	-163.6856	 727.7702	 -0.3567	  3.2220	  4.1587	
 39.2357	-163.7113	 728.2992	 -0.8439	  3.4896	  4.0541	
 37.7763	-163.7614	 728.7288	 -1.2117	  3.6960	  3.9525	
 36.2058	-163.6895	 729.2617	 -1.5465	  3.8710	  3.8159	
 34.8591	-163.7486	 729.5813	 -1.8508	  4.0388	  3.7012	
 33.2896	-163.6767	 730.1142	 -2.2153	  4.2266	  3.5888	
 31.6063	-163.7220	 730.5403	 -2.5270	  4.4559	  3.5267	
 29.9256	-163.7741	 730.8557	 -2.8603	  4.6260	  3.4761	
 27.6905	-163.5852	 731.2576	 -3.2746	  4.8502	  3.3874	
 25.9003	-163.5241	 731.5635	 -3.6185	  5.0340	  3.3137	
 24.2220	-163.3459	 731.9751	 -3.9231	  5.2480	  3.2355	
 22.5407	-163.3959	 732.3350	 -4.3042	  5.4859	  3.1515	
 20.7495	-163.3302	 732.7071	 -4.6437	  5.7133	  3.0706	
 18.6254	-163.1426	 733.1117	 -5.0613	  5.9590	  2.9585	
 17.3940	-163.0935	 733.4254	 -5.3758	  6.0657	  2.8880	
 16.1616	-163.0442	 733.7401	 -5.6198	  6.1153	  2.8216	
 15.3783	-163.0199	 733.8395	 -5.7913	  6.1089	  2.7899	
 14.8173	-162.9926	 734.0531	 -5.9119	  6.0918	  2.7725	
 14.4783	-163.0894	 734.1672	 -5.9678	  6.0320	  2.7608	
 14.3658	-163.0794	 734.2762	 -5.9714	  6.0024	  2.7633	
 14.4766	-163.0093	 734.3852	 -5.9518	  5.9593	  2.7521	
 14.9179	-163.1863	 734.5162	 -5.8931	  5.8697	  2.7193	
 15.6905	-163.4107	 734.7665	 -5.7951	  5.7901	  2.6777	
 16.2483	-163.4225	 734.7753	 -5.6678	  5.7207	  2.6265	
 16.8077	-163.4421	 734.6724	 -5.5761	  5.6809	  2.6151	
 17.3672	-163.5801	 734.4665	 -5.4262	  5.6309	  2.6461	
 17.7027	-163.5949	 734.3601	 -5.3540	  5.6002	  2.6816	
 18.0417	-163.4990	 734.2470	 -5.2715	  5.5901	  2.7248	
 18.3806	-163.4022	 734.1328	 -5.2200	  5.5680	  2.7498	
 18.8307	-163.4271	 733.9174	 -5.1667	  5.5565	  2.7924	
 19.1686	-163.3303	 733.8032	 -5.1160	  5.5601	  2.8196	
 19.3948	-163.4695	 733.4881	 -5.0447	  5.5778	  2.8477	
 19.6178	-163.4747	 733.4839	 -5.0041	  5.5923	  2.8635	
 19.8382	-163.5912	 733.4952	 -4.9136	  5.5854	  2.8747	
 20.0612	-163.5959	 733.4987	 -4.8839	  5.5651	  2.8680	
 20.1731	-163.5982	 733.5005	 -4.8442	  5.5338	  2.8587	
