705.7500 371.7500
707.2500 371.7500
707.2500 371.7500
707.2500 371.7500
710.2500 373.2500
707.2500 373.2500
707.2500 370.2500
707.2500 373.2500
707.2500 373.2500
708.7500 374.7500
707.2500 373.2500
708.7500 374.7500
707.2500 373.2500
707.2500 373.2500
707.2500 373.2500
705.7500 376.2500
707.2500 374.7500
707.2500 374.7500
705.7500 373.2500
705.7500 374.7500
705.7500 373.2500
705.7500 373.2500
704.2500 374.7500
707.2500 376.2500
705.7500 373.2500
705.7500 373.2500
705.7500 373.2500
707.2500 373.2500
707.2500 373.2500
707.2500 373.2500
710.2500 373.2500
710.2500 373.2500
710.2500 373.2500
710.2500 373.2500
710.2500 373.2500
711.7500 373.2500
714.7500 373.2500
714.7500 373.2500
716.2500 373.2500
719.2500 373.2500
719.2500 373.2500
723.7500 373.2500
725.2500 374.7500
728.2500 374.7500
731.2500 374.7500
731.2500 374.7500
735.7500 374.7500
740.2500 376.2500
740.2500 376.2500
746.2500 376.2500
749.2500 376.2500
752.2500 376.2500
756.7500 376.2500
758.2500 376.2500
761.2500 376.2500
767.2500 376.2500
770.2500 376.2500
773.2500 376.2500
776.2500 376.2500
782.2500 376.2500
788.2500 374.7500
791.2500 374.7500
794.2500 380.7500
797.2500 382.2500
800.2500 380.7500
804.7500 379.2500
809.2500 379.2500
812.2500 379.2500
816.7500 382.2500
821.2500 382.2500
824.2500 382.2500
828.7500 380.7500
834.7500 383.7500
839.2500 383.7500
843.7500 383.7500
848.2500 385.2500
854.2500 385.2500
860.2500 383.7500
869.2500 388.2500
869.2500 385.2500
873.7500 385.2500
879.7500 389.7500
885.7500 388.2500
888.7500 386.7500
891.7500 386.7500
894.7500 388.2500
900.7500 388.2500
903.7500 391.2500
908.2500 388.2500
915.7500 389.7500
921.7500 392.7500
926.2500 392.7500
930.7500 394.2500
935.2500 395.7500
941.2500 395.7500
944.2500 398.7500
948.7500 397.2500
953.2500 397.2500
954.7500 398.7500
953.2500 398.7500
957.7500 398.7500
956.2500 398.7500
957.7500 398.7500
957.7500 398.7500
954.7500 398.7500
950.2500 398.7500
948.7500 398.7500
944.2500 397.2500
942.7500 397.2500
935.2500 394.2500
933.7500 394.2500
929.2500 394.2500
921.7500 394.2500
917.2500 394.2500
912.7500 392.7500
903.7500 391.2500
897.7500 391.2500
890.2500 388.2500
884.2500 388.2500
876.7500 388.2500
869.2500 385.2500
864.7500 385.2500
858.7500 385.2500
851.2500 385.2500
845.2500 382.2500
839.2500 382.2500
833.2500 382.2500
827.2500 380.7500
819.7500 379.2500
813.7500 380.7500
807.7500 380.7500
800.2500 380.7500
795.7500 377.7500
786.7500 377.7500
777.7500 377.7500
768.7500 374.7500
759.7500 374.7500
753.7500 374.7500
744.7500 374.7500
737.2500 374.7500
731.2500 374.7500
726.7500 374.7500
720.7500 374.7500
714.7500 373.2500
710.2500 373.2500
702.7500 373.2500
698.2500 373.2500
690.7500 373.2500
687.7500 371.7500
683.2500 374.7500
675.7500 374.7500
671.2500 374.7500
665.2500 374.7500
662.2500 374.7500
656.2500 374.7500
650.2500 376.2500
645.7500 373.2500
639.7500 374.7500
636.7500 379.2500
630.7500 377.7500
626.2500 377.7500
618.7500 377.7500
615.7500 379.2500
606.7500 376.2500
605.2500 374.7500
599.2500 374.7500
594.7500 376.2500
587.2500 374.7500
579.7500 374.7500
575.2500 374.7500
572.2500 374.7500
564.7500 377.7500
561.7500 377.7500
555.7500 376.2500
549.7500 374.7500
543.7500 374.7500
540.7500 376.2500
531.7500 376.2500
525.7500 377.7500
522.7500 377.7500
518.2500 376.2500
513.7500 379.2500
507.7500 379.2500
503.2500 377.7500
498.7500 380.7500
494.2500 379.2500
489.7500 376.2500
483.7500 374.7500
482.2500 374.7500
479.2500 377.7500
470.2500 377.7500
467.2500 379.2500
464.2500 380.7500
462.7500 379.2500
458.2500 380.7500
453.7500 383.7500
449.2500 383.7500
447.7500 385.2500
446.2500 385.2500
443.2500 386.7500
444.7500 388.2500
441.7500 388.2500
446.2500 388.2500
447.7500 388.2500
453.7500 386.7500
455.2500 386.7500
461.2500 386.7500
464.2500 385.2500
470.2500 385.2500
477.7500 383.7500
483.7500 383.7500
491.2500 382.2500
495.7500 382.2500
503.2500 382.2500
507.7500 380.7500
512.2500 379.2500
521.2500 377.7500
525.7500 377.7500
533.2500 377.7500
537.7500 374.7500
543.7500 376.2500
551.2500 374.7500
555.7500 374.7500
563.2500 374.7500
567.7500 374.7500
572.2500 374.7500
579.7500 373.2500
582.7500 376.2500
588.7500 376.2500
593.2500 374.7500
597.7500 373.2500
603.7500 373.2500
608.2500 373.2500
615.7500 373.2500
621.7500 373.2500
629.2500 376.2500
633.7500 374.7500
638.2500 376.2500
647.2500 373.2500
654.7500 374.7500
660.7500 373.2500
668.2500 373.2500
674.2500 374.7500
683.2500 373.2500
692.2500 373.2500
701.2500 374.7500
708.7500 374.7500
713.2500 373.2500
719.2500 370.2500
725.2500 371.7500
732.7500 370.2500
737.2500 371.7500
743.2500 367.2500
747.7500 367.2500
750.7500 368.7500
753.7500 367.2500
756.7500 367.2500
758.2500 367.2500
761.2500 367.2500
762.7500 367.2500
762.7500 368.7500
762.7500 368.7500
759.7500 368.7500
762.7500 371.7500
759.7500 371.7500
756.7500 371.7500
755.2500 371.7500
753.7500 371.7500
746.2500 371.7500
743.2500 371.7500
738.7500 370.2500
735.7500 370.2500
731.2500 371.7500
728.2500 371.7500
725.2500 371.7500
720.7500 368.7500
717.7500 370.2500
716.2500 370.2500
711.7500 370.2500
708.7500 370.2500
707.2500 371.7500
702.7500 371.7500
701.2500 371.7500
699.7500 371.7500
698.2500 371.7500
695.2500 371.7500
693.7500 371.7500
693.7500 371.7500
693.7500 371.7500
692.2500 371.7500
692.2500 371.7500
692.2500 371.7500
693.7500 371.7500
693.7500 371.7500
693.7500 371.7500
693.7500 371.7500
693.7500 371.7500
693.7500 371.7500
696.7500 373.2500
696.7500 373.2500
710.2500 379.2500
710.2500 380.7500
711.7500 380.7500
713.2500 382.2500
713.2500 382.2500
713.2500 382.2500
713.2500 382.2500
713.2500 382.2500
713.2500 382.2500
713.2500 382.2500
713.2500 382.2500
713.2500 382.2500
713.2500 382.2500
711.7500 380.7500
711.7500 380.7500
711.7500 380.7500
711.7500 380.7500
713.2500 380.7500
713.2500 380.7500
713.2500 380.7500
713.2500 380.7500
713.2500 380.7500
713.2500 382.2500
713.2500 382.2500
713.2500 382.2500
713.2500 382.2500
716.2500 380.7500
716.2500 380.7500
717.7500 380.7500
719.2500 380.7500
720.7500 380.7500
722.2500 380.7500
722.2500 380.7500
723.7500 380.7500
723.7500 380.7500
723.7500 380.7500
725.2500 379.2500
725.2500 379.2500
726.7500 379.2500
726.7500 379.2500
729.7500 380.7500
729.7500 380.7500
732.7500 382.2500
732.7500 382.2500
734.2500 382.2500
737.2500 382.2500
740.2500 382.2500
741.7500 383.7500
744.7500 383.7500
744.7500 383.7500
749.2500 385.2500
750.7500 385.2500
750.7500 385.2500
756.7500 386.7500
756.7500 388.2500
759.7500 388.2500
762.7500 391.2500
762.7500 392.7500
765.7500 391.2500
768.7500 392.7500
768.7500 394.2500
771.7500 392.7500
771.7500 394.2500
773.2500 395.7500
773.2500 397.2500
776.2500 397.2500
777.7500 400.2500
776.2500 397.2500
776.2500 401.7500
776.2500 401.7500
780.7500 403.2500
777.7500 406.2500
777.7500 404.7500
779.2500 404.7500
779.2500 407.7500
780.7500 400.2500
782.2500 401.7500
782.2500 401.7500
780.7500 401.7500
780.7500 397.2500
780.7500 395.7500
779.2500 397.2500
776.2500 394.2500
774.7500 394.2500
773.2500 391.2500
773.2500 389.7500
770.2500 389.7500
770.2500 386.7500
767.2500 386.7500
765.7500 386.7500
762.7500 383.7500
761.2500 382.2500
758.2500 382.2500
753.7500 382.2500
753.7500 380.7500
750.7500 377.7500
749.2500 379.2500
749.2500 379.2500
744.7500 379.2500
744.7500 377.7500
744.7500 377.7500
741.7500 374.7500
740.2500 374.7500
738.7500 376.2500
737.2500 376.2500
734.2500 376.2500
732.7500 376.2500
731.2500 376.2500
726.7500 379.2500
723.7500 377.7500
723.7500 377.7500
719.2500 374.7500
716.2500 374.7500
713.2500 376.2500
710.2500 376.2500
705.7500 377.7500
705.7500 377.7500
702.7500 377.7500
701.2500 379.2500
699.7500 377.7500
698.2500 377.7500
693.7500 379.2500
690.7500 380.7500
689.2500 382.2500
686.2500 382.2500
683.2500 380.7500
680.2500 382.2500
678.7500 385.2500
677.2500 383.7500
675.7500 385.2500
674.2500 386.7500
672.7500 386.7500
669.7500 386.7500
668.2500 385.2500
666.7500 388.2500
668.2500 388.2500
665.2500 388.2500
662.2500 389.7500
659.2500 391.2500
657.7500 391.2500
657.7500 392.7500
654.7500 394.2500
654.7500 392.7500
653.2500 395.7500
651.7500 395.7500
650.2500 395.7500
650.2500 398.7500
648.7500 398.7500
647.2500 400.2500
645.7500 400.2500
644.2500 400.2500
644.2500 403.2500
644.2500 404.7500
644.2500 404.7500
642.7500 407.7500
642.7500 410.7500
641.2500 409.2500
641.2500 409.2500
641.2500 410.7500
639.7500 413.7500
638.2500 415.2500
638.2500 416.7500
636.7500 415.2500
635.2500 418.2500
635.2500 418.2500
635.2500 421.2500
633.7500 424.2500
635.2500 425.7500
633.7500 424.2500
633.7500 424.2500
632.2500 425.7500
632.2500 425.7500
632.2500 427.2500
629.2500 428.7500
627.7500 430.2500
624.7500 433.2500
626.2500 431.7500
626.2500 431.7500
626.2500 428.7500
627.7500 428.7500
627.7500 427.2500
630.7500 427.2500
624.7500 425.7500
627.7500 425.7500
626.2500 425.7500
627.7500 427.2500
630.7500 425.7500
627.7500 422.7500
627.7500 422.7500
632.2500 421.2500
629.2500 418.2500
630.7500 416.7500
633.7500 416.7500
632.2500 416.7500
635.2500 415.2500
636.7500 410.7500
638.2500 409.2500
638.2500 407.7500
638.2500 407.7500
642.7500 403.2500
641.2500 398.7500
645.7500 401.7500
644.2500 397.2500
647.2500 395.7500
650.2500 395.7500
650.2500 392.7500
656.2500 391.2500
651.7500 388.2500
656.2500 388.2500
659.2500 386.7500
662.2500 386.7500
663.7500 385.2500
666.7500 385.2500
669.7500 385.2500
671.2500 385.2500
674.2500 383.7500
678.7500 383.7500
680.2500 382.2500
683.2500 382.2500
686.2500 382.2500
689.2500 382.2500
692.2500 382.2500
693.7500 382.2500
696.7500 382.2500
699.7500 382.2500
701.2500 382.2500
704.2500 382.2500
705.7500 382.2500
710.2500 383.7500
714.7500 383.7500
717.7500 382.2500
717.7500 382.2500
722.2500 382.2500
725.2500 382.2500
729.7500 382.2500
731.2500 382.2500
734.2500 383.7500
734.2500 383.7500
735.7500 385.2500
740.2500 385.2500
740.2500 385.2500
741.7500 385.2500
741.7500 385.2500
741.7500 385.2500
743.2500 383.7500
738.7500 386.7500
740.2500 385.2500
740.2500 385.2500
740.2500 386.7500
737.2500 385.2500
738.7500 385.2500
735.7500 383.7500
734.2500 383.7500
731.2500 385.2500
729.7500 385.2500
726.7500 383.7500
726.7500 383.7500
726.7500 383.7500
723.7500 385.2500
722.2500 385.2500
720.7500 385.2500
720.7500 385.2500
719.2500 385.2500
716.2500 383.7500
716.2500 383.7500
713.2500 383.7500
710.2500 385.2500
710.2500 383.7500
710.2500 380.7500
708.7500 382.2500
707.2500 382.2500
705.7500 380.7500
702.7500 382.2500
701.2500 383.7500
699.7500 383.7500
696.7500 382.2500
696.7500 382.2500
695.2500 382.2500
693.7500 383.7500
690.7500 385.2500
689.2500 383.7500
689.2500 383.7500
690.7500 383.7500
690.7500 383.7500
689.2500 382.2500
692.2500 385.2500
692.2500 382.2500
692.2500 382.2500
692.2500 382.2500
693.7500 382.2500
695.2500 382.2500
696.7500 383.7500
693.7500 383.7500
696.7500 382.2500
695.2500 383.7500
696.7500 385.2500
696.7500 382.2500
695.2500 382.2500
696.7500 382.2500
696.7500 382.2500
719.2500 367.2500
719.2500 367.2500
719.2500 367.2500
719.2500 367.2500
719.2500 368.7500
717.7500 364.2500
717.7500 367.2500
717.7500 374.7500
719.2500 374.7500
716.2500 376.2500
719.2500 373.2500
716.2500 373.2500
717.7500 373.2500
717.7500 370.2500
717.7500 370.2500
717.7500 370.2500
717.7500 370.2500
717.7500 370.2500
717.7500 371.7500
717.7500 371.7500
717.7500 371.7500
717.7500 371.7500
720.7500 370.2500
719.2500 370.2500
719.2500 370.2500
719.2500 370.2500
717.7500 370.2500
717.7500 370.2500
717.7500 370.2500
720.7500 370.2500
720.7500 370.2500
720.7500 370.2500
723.7500 371.7500
725.2500 370.2500
729.7500 373.2500
731.2500 371.7500
732.7500 371.7500
735.7500 371.7500
738.7500 374.7500
738.7500 370.2500
740.2500 370.2500
741.7500 371.7500
746.2500 367.2500
746.2500 368.7500
747.7500 367.2500
749.2500 370.2500
752.2500 368.7500
755.2500 370.2500
755.2500 365.7500
756.7500 365.7500
758.2500 367.2500
761.2500 367.2500
762.7500 367.2500
765.7500 367.2500
765.7500 362.7500
765.7500 364.2500
765.7500 365.7500
767.2500 367.2500
770.2500 365.7500
771.7500 365.7500
771.7500 365.7500
774.7500 365.7500
773.2500 365.7500
776.2500 365.7500
774.7500 365.7500
777.7500 365.7500
776.2500 367.2500
779.2500 364.2500
779.2500 365.7500
780.7500 367.2500
780.7500 367.2500
783.7500 367.2500
783.7500 367.2500
783.7500 365.7500
785.2500 367.2500
786.7500 365.7500
785.2500 364.2500
788.2500 364.2500
786.7500 364.2500
788.2500 364.2500
789.7500 367.2500
792.7500 367.2500
792.7500 367.2500
792.7500 365.7500
792.7500 365.7500
792.7500 367.2500
792.7500 365.7500
792.7500 365.7500
792.7500 365.7500
789.7500 367.2500
789.7500 362.7500
792.7500 364.2500
791.2500 364.2500
788.2500 365.7500
789.7500 365.7500
788.2500 365.7500
786.7500 367.2500
785.2500 365.7500
782.2500 367.2500
782.2500 364.2500
782.2500 364.2500
779.2500 365.7500
777.7500 365.7500
776.2500 365.7500
774.7500 365.7500
774.7500 364.2500
771.7500 367.2500
768.7500 368.7500
768.7500 365.7500
768.7500 368.7500
767.2500 365.7500
764.2500 367.2500
762.7500 367.2500
759.7500 367.2500
758.2500 367.2500
755.2500 368.7500
753.7500 368.7500
752.2500 368.7500
749.2500 368.7500
747.7500 367.2500
744.7500 368.7500
740.2500 368.7500
737.2500 368.7500
735.7500 368.7500
731.2500 368.7500
726.7500 368.7500
725.2500 368.7500
722.2500 368.7500
720.7500 368.7500
719.2500 368.7500
716.2500 370.2500
713.2500 368.7500
711.7500 368.7500
707.2500 367.2500
704.2500 368.7500
702.7500 370.2500
702.7500 370.2500
698.2500 371.7500
696.7500 370.2500
693.7500 370.2500
689.2500 371.7500
689.2500 373.2500
689.2500 371.7500
689.2500 370.2500
683.2500 371.7500
681.7500 370.2500
680.2500 370.2500
678.7500 370.2500
675.7500 371.7500
672.7500 371.7500
